receptor = RelA.pdbqt
exhaustiveness  = 8
center_x = 297.279025238
center_y = 163.979540289
center_z = 219.488655983
size_x = 25.0
size_y = 25.0
size_z = 25.0
